POST /collect HTTP/1.1
Host: f.clarity.ms
Cookie: MUID=08E9BC3E447E66CB00ADAA7845346719
User-Agent: Mozilla/5.0 (Windows NT 10.0; Win64; x64; rv:141.0) Gecko/20100101 Firefox/141.0
Accept: */*
Accept-Language: pt-BR,pt;q=0.8,en-US;q=0.5,en;q=0.3
Accept-Encoding: gzip, deflate
Referer: https://app.sejaefi.com.br/
Content-Type: text/plain;charset=UTF-8
Content-Length: 1082
Origin: https://app.sejaefi.com.br
Sec-Fetch-Dest: empty
Sec-Fetch-Mode: no-cors
Sec-Fetch-Site: cross-site
Priority: u=6
Cache-Control: no-cache
Connection: close

{"e":["0.8.23",7,28012,1342,"g0r6pkqi91","103nrd5","u3tafm",6,1,1,0,"https://app.sejaefi.com.br/pix/fazer-pix/chave"],"a":[[28724,12,261,872,215],[28740,12,261,804,249],[28756,12,371,727,277],[28771,12,371,672,293],[28787,12,565,606,306],[28802,12,634,544,321],[28818,12,634,506,333],[28835,12,634,480,343],[28849,12,634,468,350],[28865,12,525,460,358],[28880,12,525,456,360],[28896,12,525,452,363],[28912,12,525,448,365],[28943,12,525,439,368],[28943,12,525,434,370],[28974,12,525,427,372],[28990,12,525,416,378],[29005,12,676,407,384],[29022,12,676,400,388],[29038,12,676,386,395],[29052,12,676,377,398],[29068,12,676,367,398],[29084,12,676,364,399],[29115,12,676,351,400],[29130,12,676,346,402],[29146,12,676,342,404],[29162,12,716,339,406],[29162,12,716,337,408],[29193,12,716,332,413],[29209,12,716,329,416],[29255,13,716,329,416],[29334,14,716,329,416],[29334,9,716,329,416,23085,8191,0,1,0,"Chave Pix",null,"8miifvf4k.1xqe6nqyb",1,1],[28012,4,1,1094,954,1094,954,0,0,856,944,11412,29499,22490,856,944,22490,782,493,8427,782,493,8505,852,935,22474],[29354,0,2,536,4,3,25,35]]}