POST /collect HTTP/1.1
Host: f.clarity.ms
Cookie: MUID=08E9BC3E447E66CB00ADAA7845346719
User-Agent: Mozilla/5.0 (Windows NT 10.0; Win64; x64; rv:141.0) Gecko/20100101 Firefox/141.0
Accept: */*
Accept-Language: pt-BR,pt;q=0.8,en-US;q=0.5,en;q=0.3
Accept-Encoding: gzip, deflate
Referer: https://login.sejaefi.com.br/
Content-Type: text/plain;charset=UTF-8
Content-Length: 1424
Origin: https://login.sejaefi.com.br
Sec-Fetch-Dest: empty
Sec-Fetch-Mode: cors
Sec-Fetch-Site: cross-site
Te: trailers
Connection: close

{"e":["0.8.23",6,14393,8946,"g0r6pkqi91","103nrd5","1qmo1rh",1,0,0,0,"https://login.sejaefi.com.br/oauth/authorize?redirect_to=https://app.sejaefi.com.br/"],"a":[[17676,12,30,1067,235],[17692,12,55,1025,225],[17707,12,55,1008,217],[17722,12,87,1002,210],[17739,12,87,1002,207],[17754,12,87,1007,200],[17769,12,55,1019,190],[17785,12,55,1038,180],[17800,12,30,1068,167],[17816,12,30,1079,162],[20442,12,30,867,83],[20457,12,30,694,81],[20472,12,30,535,81],[20488,12,28,405,81],[20503,12,28,326,79],[20519,12,28,299,79],[20535,12,28,287,78],[20550,12,28,286,77],[20566,12,28,286,75],[20583,12,28,286,74],[20597,12,28,286,73],[20613,12,28,287,72],[20691,12,28,286,73],[20707,12,28,281,74],[20722,12,28,280,74],[20770,12,28,281,74],[20785,12,28,295,72],[20800,12,28,319,71],[20816,12,28,366,69],[20832,12,22,474,66],[20847,12,30,601,64],[20863,12,30,791,66],[20878,12,30,962,74],[20894,12,30,1030,81],[21083,12,30,1066,37],[21098,12,30,942,16],[21113,12,30,847,5],[21144,12,30,764,2],[21160,12,30,734,2],[21175,12,30,712,3],[21191,12,30,696,5],[21207,12,30,677,5],[21222,12,30,660,5],[21238,12,30,636,5],[21253,12,30,620,5],[21269,12,30,609,4],[21332,12,30,611,4],[21347,12,30,628,4],[21347,12,30,641,4],[21378,12,30,706,6],[21394,12,30,815,12],[21410,12,30,933,24],[21425,12,30,1057,38],[14393,4,1,1094,954,1094,954,0,0,1069,851,11323,0,13457,1069,851,13457,241,361,9161,241,361,9253,1056,863,13457],[23339,0,2,840,4,3,25,56]]}