POST /collect HTTP/1.1
Host: f.clarity.ms
Cookie: MUID=08E9BC3E447E66CB00ADAA7845346719
User-Agent: Mozilla/5.0 (Windows NT 10.0; Win64; x64; rv:141.0) Gecko/20100101 Firefox/141.0
Accept: */*
Accept-Language: pt-BR,pt;q=0.8,en-US;q=0.5,en;q=0.3
Accept-Encoding: gzip, deflate
Referer: https://login.sejaefi.com.br/
Content-Type: text/plain;charset=UTF-8
Content-Length: 2510
Origin: https://login.sejaefi.com.br
Sec-Fetch-Dest: empty
Sec-Fetch-Mode: no-cors
Sec-Fetch-Site: cross-site
Priority: u=6
Te: trailers
Connection: close

{"e":["0.8.23",4,11914,6155,"g0r6pkqi91","103nrd5","1lr7lea",1,1,1,0,"https://login.sejaefi.com.br/oauth/authorize?redirect_to=https://app.sejaefi.com.br/"],"a":[[15145,2,1,1,0],[15888,12,25,1086,414],[15904,12,58,901,432],[15919,12,124,740,440],[15935,12,25,607,446],[15950,12,25,520,446],[15980,12,25,476,442],[15980,12,25,453,436],[16011,12,25,447,434],[16027,12,25,446,432],[16041,12,25,446,431],[16057,12,25,445,428],[16073,12,25,444,424],[16089,12,25,444,422],[16105,12,25,444,421],[16120,12,25,443,420],[16152,12,25,443,419],[16167,12,25,443,416],[16183,12,25,442,413],[16198,12,25,442,411],[16245,12,25,442,412],[16308,12,25,442,410],[16323,12,25,442,406],[16339,12,25,442,403],[16355,12,25,443,402],[16370,12,25,446,402],[16386,12,25,451,401],[16402,12,25,464,400],[16417,12,25,478,398],[16511,12,25,476,399],[16527,12,25,471,399],[16542,12,25,463,399],[16542,12,25,450,397],[16557,12,25,435,389],[16573,12,25,431,389],[16589,12,25,421,389],[16605,12,25,414,389],[16620,12,113,399,388],[16636,12,113,380,386],[16652,12,112,363,383],[16667,12,112,340,381],[16683,12,112,317,378],[16698,12,112,299,374],[16730,12,112,280,371],[16730,12,112,268,370],[16761,12,112,263,370],[16839,13,112,263,370],[16917,14,112,263,370],[16917,9,112,263,370,17251,14385,0,0,0,null,null,"8kj6wy628.8kj6wy628",1,0],[17069,38,112,2],[16980,12,112,265,370],[16995,12,112,270,374],[17026,12,112,281,384],[17042,12,112,285,392],[17058,12,57,289,405],[17073,12,57,293,420],[17089,12,57,295,437],[17105,12,114,295,454],[17120,12,141,290,470],[17136,12,88,284,485],[17152,12,88,280,496],[17167,12,115,278,502],[17183,12,115,277,506],[17198,12,115,277,507],[17230,12,115,276,507],[17245,12,115,276,510],[17292,12,115,275,510],[17620,13,115,275,510],[17623,42,112,"password","••••",""],[17698,14,115,275,510],[17698,9,115,275,510,18553,8791,0,0,0,"Entrar",null,"6n4aysw76.6n4aysw76",1,1],[17705,39,57],[18069,2,2,1,0],[18069,2,1,2,0],[18058,12,115,283,510],[11914,4,1,1094,954,1094,954,0,0,1031,358,10906,0,9572,1031,358,9572,190,279,8103,190,279,8212,939,360,9572],[18069,1,4,["f.clarity.ms"]],[18069,0,2,845,3,1,4,9,5,3,25,81,28,5],[18069,36,6,[17623,0,17728,0,18067,0]],[18069,35,3]],"p":[[17623,6,112,79,111,"INPUT","id=password","name=password","type=password","required=","placeholder=Digite aqui","data-gtm-form-interact-field-id=•","value=••••"],[18067,6,172,57,88,"INPUT","type=hidden","name=grecaptcha_action","value=••••",173,57,172,[5],"id=g-recaptcha-response",[6],"name=recaptcha_token",[8]]]}