POST /collect HTTP/1.1
Host: f.clarity.ms
Cookie: MUID=08E9BC3E447E66CB00ADAA7845346719
User-Agent: Mozilla/5.0 (Windows NT 10.0; Win64; x64; rv:141.0) Gecko/20100101 Firefox/141.0
Accept: */*
Accept-Language: pt-BR,pt;q=0.8,en-US;q=0.5,en;q=0.3
Accept-Encoding: gzip, deflate
Referer: https://app.sejaefi.com.br/
Content-Type: text/plain;charset=UTF-8
Content-Length: 1431
Origin: https://app.sejaefi.com.br
Sec-Fetch-Dest: empty
Sec-Fetch-Mode: no-cors
Sec-Fetch-Site: cross-site
Priority: u=6
Cache-Control: no-cache
Connection: close

{"e":["0.8.23",7,22674,10967,"g0r6pkqi91","103nrd5","u3tafm",7,1,1,0,"https://app.sejaefi.com.br/pix/fazer-pix/chave"],"a":[[29306,2,5,1,0],[29401,12,165,1083,372],[29401,12,842,1010,382],[29416,12,842,932,390],[29447,12,837,788,393],[29463,12,222,747,393],[29479,12,820,627,391],[29494,12,820,576,386],[29510,12,803,536,382],[29525,12,803,510,381],[29541,12,803,496,381],[29557,12,803,487,381],[29572,12,803,479,381],[29588,12,803,475,382],[29604,12,803,473,382],[29698,12,820,473,383],[29713,12,820,473,385],[29729,12,820,473,387],[29744,12,820,471,391],[29760,12,820,470,391],[29791,13,820,470,391],[29885,14,820,470,391],[29885,9,820,470,391,17822,11915,0,0,0,"••••• •••• ••••",null,"4cgttnc3v.6xok89tfl",1,1],[30508,38,820,1],[30104,12,820,470,390],[30135,12,820,470,389],[30150,12,820,470,388],[30166,12,820,471,388],[30197,12,820,471,387],[30197,12,820,472,387],[30244,12,820,473,387],[30291,12,820,474,387],[30307,12,820,475,387],[30323,12,820,477,386],[30339,12,820,481,386],[30354,12,820,484,386],[30369,12,820,499,385],[30400,12,820,516,383],[30416,12,803,530,380],[30432,12,803,569,373],[30447,12,795,630,359],[30463,12,645,713,341],[30479,12,837,793,323],[30494,12,840,866,305],[30510,12,837,989,281],[30525,12,837,1066,263],[33640,2,3,2,0],[22674,4,1,1094,954,1094,954,0,0,933,210,17666,29499,9744,933,210,9744,600,681,1604,600,681,1713,918,213,9729],[33641,0,2,767,4,6,25,50],[33641,35,3]]}