POST /collect HTTP/1.1
Host: f.clarity.ms
Cookie: MUID=08E9BC3E447E66CB00ADAA7845346719
User-Agent: Mozilla/5.0 (Windows NT 10.0; Win64; x64; rv:141.0) Gecko/20100101 Firefox/141.0
Accept: */*
Accept-Language: pt-BR,pt;q=0.8,en-US;q=0.5,en;q=0.3
Accept-Encoding: gzip, deflate
Referer: https://login.sejaefi.com.br/
Content-Type: text/plain;charset=UTF-8
Content-Length: 3704
Origin: https://login.sejaefi.com.br
Sec-Fetch-Dest: empty
Sec-Fetch-Mode: no-cors
Sec-Fetch-Site: cross-site
Priority: u=6
Te: trailers
Connection: close

{"e":["0.8.23",8,32206,8883,"g0r6pkqi91","103nrd5","1qmo1rh",1,1,1,0,"https://login.sejaefi.com.br/oauth/authorize?redirect_to=https://app.sejaefi.com.br/"],"a":[[33628,12,118,1031,361],[33644,12,118,923,365],[33660,12,118,819,367],[33674,12,118,738,367],[33691,12,88,657,363],[33707,12,88,633,361],[33722,12,30,621,359],[33738,12,30,613,358],[33753,12,30,608,356],[33769,12,30,603,355],[33785,12,30,595,353],[33800,12,30,589,352],[33816,12,30,585,351],[33832,12,30,583,351],[33847,12,30,582,351],[33863,12,30,581,351],[33878,12,30,580,351],[33940,12,30,582,351],[33957,12,30,597,347],[33972,12,30,609,345],[33988,12,88,623,343],[34160,12,30,620,342],[34175,12,30,616,339],[34191,12,30,616,338],[34207,12,30,616,336],[34222,12,30,618,334],[34238,12,30,620,334],[34269,12,30,620,333],[34285,12,30,620,334],[34300,12,30,620,342],[34315,12,30,620,367],[34331,12,22,621,412],[34346,12,121,633,488],[34378,12,22,656,595],[34394,12,22,664,652],[34410,12,22,667,670],[34425,12,22,670,677],[34441,12,22,672,677],[34457,12,22,675,673],[34582,12,22,675,672],[34596,12,22,667,666],[34628,12,22,663,664],[34644,12,22,659,664],[34660,12,22,658,664],[34675,12,22,657,664],[34691,12,22,656,666],[34707,12,22,655,669],[34722,12,22,654,674],[34738,12,22,653,679],[34753,12,22,652,683],[34769,12,22,652,685],[34785,12,22,652,686],[34816,12,22,652,687],[34941,12,22,651,687],[35363,12,22,651,686],[35378,12,22,651,685],[35393,12,22,651,683],[35410,12,22,650,682],[35425,12,22,649,677],[35441,12,22,645,670],[35457,12,22,640,659],[35472,12,22,622,635],[35488,12,22,610,620],[35503,12,22,600,609],[35519,12,22,592,599],[35535,12,22,587,592],[35566,12,22,584,588],[35581,12,22,582,584],[35597,12,22,580,578],[35613,12,22,579,576],[35628,12,22,578,572],[35644,12,22,577,569],[35660,12,22,576,566],[35675,12,22,575,564],[35691,12,22,574,562],[35707,12,22,574,561],[35925,12,22,574,560],[35941,12,22,577,547],[35957,12,22,589,529],[35972,12,22,604,506],[35988,12,22,620,478],[36003,12,121,635,452],[36019,12,89,647,427],[36035,12,55,657,402],[36066,12,163,671,373],[36082,12,163,674,364],[36097,12,148,674,361],[36113,12,148,672,358],[36128,12,148,670,355],[36144,12,148,666,353],[36160,12,148,664,353],[36174,12,148,662,355],[36190,12,163,662,364],[36207,12,163,667,374],[36222,12,149,678,391],[36238,12,55,687,403],[36253,12,89,696,415],[36269,12,89,709,430],[36285,12,89,718,435],[36316,12,89,735,429],[36332,12,89,743,419],[36347,12,55,756,404],[36363,12,165,765,392],[36378,12,118,782,369],[36394,12,147,797,344],[36410,12,145,817,294],[36425,12,144,838,233],[36441,12,86,860,152],[36457,12,30,881,79],[36472,12,30,901,1],[36988,12,30,1058,11],[37003,12,30,1060,31],[37019,12,30,1061,47],[37050,12,30,1061,62],[37066,12,30,1061,71],[37082,12,30,1061,77],[37096,12,30,1059,81],[37112,12,30,1058,84],[37128,12,30,1057,85],[37175,12,30,1057,86],[37816,12,30,1057,87],[37816,12,30,1057,89],[37847,12,30,1058,100],[37863,12,30,1057,119],[37878,12,30,1048,149],[37894,12,55,1029,190],[37910,12,144,988,252],[37925,12,145,944,310],[37941,12,118,891,381],[37957,12,122,842,438],[37971,12,90,781,496],[37988,12,22,726,542],[38003,12,22,693,564],[38035,12,22,663,583],[38049,12,22,660,583],[38065,12,22,663,578],[38082,12,22,673,567],[38269,12,22,672,567],[38285,12,22,669,570],[38300,12,22,665,582],[38316,12,22,659,596],[38332,12,22,653,604],[38347,12,22,652,628],[38363,12,22,652,671],[38378,12,22,654,702],[38394,12,5,654,754],[38410,12,31,653,798],[38425,12,31,644,843],[38440,12,31,637,873],[38456,12,44,629,906],[38472,12,44,623,927],[38488,12,44,618,945],[41089,2,6,2,0],[32206,4,1,1094,954,1094,954,0,0,1088,242,11323,0,29332,1088,242,29332,241,361,9161,241,361,9253,1027,251,29316],[41089,0,2,986,4,16,25,155],[41089,35,3]]}