POST /collect HTTP/1.1
Host: f.clarity.ms
Cookie: MUID=08E9BC3E447E66CB00ADAA7845346719
User-Agent: Mozilla/5.0 (Windows NT 10.0; Win64; x64; rv:141.0) Gecko/20100101 Firefox/141.0
Accept: */*
Accept-Language: pt-BR,pt;q=0.8,en-US;q=0.5,en;q=0.3
Accept-Encoding: gzip, deflate
Referer: https://app.sejaefi.com.br/
Content-Type: text/plain;charset=UTF-8
Content-Length: 1361
Origin: https://app.sejaefi.com.br
Sec-Fetch-Dest: empty
Sec-Fetch-Mode: cors
Sec-Fetch-Site: cross-site
Cache-Control: no-cache
Connection: close

{"e":["0.8.23",4,3597,3321,"g0r6pkqi91","103nrd5","u3tafm",7,0,0,0,"https://app.sejaefi.com.br/pix/fazer-pix/chave"],"a":[[1744,12,845,600,678],[1760,12,845,600,677],[1775,12,845,600,676],[1791,12,845,600,675],[1822,12,845,600,674],[1838,12,845,600,672],[1869,12,775,601,670],[1885,12,775,605,666],[1900,12,775,617,655],[1916,12,645,640,640],[1932,12,693,677,619],[1948,12,645,716,597],[1963,12,222,743,578],[1979,12,261,762,560],[1994,12,261,772,547],[2025,12,261,780,532],[2041,12,261,786,514],[2057,12,261,787,513],[2322,12,261,788,511],[2338,12,261,792,505],[2354,12,261,800,496],[2369,12,261,810,486],[2385,12,261,820,473],[2619,12,261,825,473],[2635,12,261,827,474],[2650,12,261,829,475],[2666,12,261,830,476],[2682,12,261,830,477],[2697,12,261,831,478],[2713,12,261,831,479],[2744,12,261,830,480],[2744,12,261,829,481],[2775,12,261,828,481],[2791,12,261,827,481],[2839,12,261,826,481],[3010,12,261,826,480],[3057,12,261,834,476],[3072,12,261,851,470],[3089,12,261,874,462],[3104,12,837,894,453],[3119,12,837,909,447],[3260,12,837,904,453],[3275,12,261,899,460],[3291,12,261,899,464],[3307,12,261,901,464],[3338,12,261,914,462],[3354,12,837,942,446],[3385,12,165,1080,342],[1713,22,9,"68n81ud4j.6oq2kjm52",600,681,1,0],[3597,4,1,1094,954,1094,954,0,0,600,681,1728,29499,1713,600,681,1447,600,681,1604,600,681,1713,600,681,1713],[6918,0,2,1154,4,1,25,52]]}